!! ERROR(S) in  13079734 / 0fd13e2dbe58bc8afda8f7971f6589eabe47be1c77a9fbe029b689e57f400520i0:
"p":"orc-721",
   "op":"mint",
   "s":"orangepixels",
   "g":[128, 130, 132, 134, 174, 184, 222, 232, 270, 280, 297, 302, 317, 328, 342, 376, 390, 424, 438, 472, 486, 514, 516, 518, 534, 562]
}

   - json parse -- 859: unexpected token at ':"orc-721",
   "op":"mint",
   "s":"orangepixels",
   "g":[128, 130, 132, 134, 174, 184, 222, 232, 270, 280, 297, 302, 317, 328, 342, 376, 390, 424, 438, 472, 486, 514, 516, 518, 534, 562]
}'

!! ERROR(S) in  13079968 / ea158398b208bced849c842d60913b82de5109d7e788e4c9dcf5a377e0cbdfd0i0:
"p":"orc-721",
   "op":"mint",
   "s":"orangepixels",
   "g":[128, 129, 130, 131, 132, 133, 134, 151, 159, 174, 177, 178, 179, 180, 181, 184, 198, 200, 206, 208, 222, 224, 226, 227, 228, 230, 232, 246, 248, 250, 252, 254, 256, 270, 272, 274, 276, 278, 280, 293, 295, 297, 300, 302, 304, 317, 319, 321, 324, 326, 328, 342, 344, 346, 348, 350, 352, 366, 368, 370, 372, 374, 376, 390, 392, 394, 396, 398, 400, 414, 416, 418, 419, 420, 422, 424, 438, 440, 446, 448, 462, 464, 465, 466, 467, 468, 469, 472, 486, 488, 495, 510, 512, 514, 515, 516, 517, 518, 534, 536, 538, 558, 560, 562]
}

   - json parse -- 859: unexpected token at ':"orc-721",
   "op":"mint",
   "s":"orangepixels",
   "g":[128, 129, 130, 131, 132, 133, 134, 151, 159, 174, 177, 178, 179, 180, 181, 184, 198, 200, 206, 208, 222, 224, 226, 227, 228, 230, 232, 246, 248, 250, 252, 254, 256, 270, 272, 274, 276, 278, 280, 293, 295, 297, 300, 302, 304, 317, 319, 321, 324, 326, 328, 342, 344, 346, 348, 350, 352, 366, 368, 370, 372, 374, 376, 390, 392, 394, 396, 398, 400, 414, 416, 418, 419, 420, 422, 424, 438, 440, 446, 448, 462, 464, 465, 466, 467, 468, 469, 472, 486, 488, 495, 510, 512, 514, 515, 516, 517, 518, 534, 536, 538, 558, 560, 562]
}'

